4
INT1313
2010-2011
2
2
50
20
1
5
BAS1122
2020-2021
2
3
30
20
1
6
BAS1122
2020-2021
2
1
50
30
1
7
INT1336
2020-2021
1
1
50
30
1
8
INT1146
2020-2021
1
1
30
20
1
9
INT1154
2020-2021
1
1
30
20
1
10
INT1156
2020-2021
1
2
40
30
1
11
INT1157
2020-2021
1
2
40
20
1
12
INT1306
2020-2021
1
4
100
50
1
13
INT1154
2020-2021
1
2
30
20
1
14
INT1306
2020-2021
2
1
50
20
1
15
BAS1122
2020-2021
1
1
30
20
0
16
ELE1433
2020-2021
3
4
30
20
1
17
INT1154
2020-2021
1
3
30
20
1
18
INT1306
2020-2021
3
20
30
20
1
19
INT1336
2021-2022
1
3
30
20
1
20
INT1111
2021-2022
1
1
50
20
1
21
INT1433
2020-2021
1
5
205
202
1
22
INT1001
2020-2021
1
1
15
10
1
23
INT1435
2020-2021
1
1
10
5
1
24
INT1154
2021-2022
3
2
15
10
1
